609, 10
856, 9
923, 4
850, 6
238, 10
588, 4
427, 4
726, 9
780, 5
641, 4
942, 5
738, 4
121, 10
219, 7
918, 8
10, 8
779, 10
212, 2
685, 8
329, 1
565, 10
102, 8
76, 6
548, 8
72, 2
412, 10
2, 7
914, 10
415, 9
873, 4
235, 2
599, 6
527, 1
267, 4
388, 3
779, 9
120, 8
903, 10
513, 4
690, 2
79, 9
278, 5
981, 2
150, 5
63, 7
419, 10
609, 1
727, 6
492, 4
69, 6
242, 3
358, 10
241, 7
569, 10
122, 10
52, 2
28, 4
882, 2
75, 8
682, 3
751, 1
717, 4
662, 1
797, 1
9, 5
137, 4
214, 4
515, 3
979, 7
819, 10
277, 7
870, 8
559, 5
663, 8
876, 1
674, 5
755, 9
693, 4
223, 3
901, 2
610, 1
299, 10
377, 7
169, 10
601, 10
97, 9
891, 1
508, 4
544, 1
810, 1
707, 7
268, 3
588, 4
29, 8
699, 9
94, 1
21, 8
859, 5
370, 7
387, 2
188, 7
857, 6
955, 3
50, 10
456, 4
576, 8
372, 6
705, 2
834, 10
789, 9
715, 10
424, 9
280, 8
631, 6
113, 1
892, 6
864, 4
771, 1
923, 10
660, 6
545, 5
407, 3
178, 5
481, 5
625, 2
233, 6
41, 2
47, 9
349, 3
478, 4
957, 9
755, 3
903, 2
922, 6
776, 3
287, 9
602, 9
745, 5
892, 7
852, 4
753, 5
459, 5
904, 1
886, 3
113, 1
261, 1
267, 2
209, 5
974, 4
298, 9
98, 2
246, 6
784, 6
990, 6
74, 8
493, 6
546, 10
960, 10
437, 6
142, 6
79, 2
851, 4
523, 7
189, 7
129, 4
973, 10
373, 1
880, 7
910, 9
50, 4
169, 8
19, 10
845, 10
337, 1
712, 5
665, 5
947, 3
169, 10
735, 6
940, 4
468, 4
49, 7
120, 1
535, 4
890, 5
105, 6
246, 8
523, 9
546, 8
293, 6
666, 1
865, 2
895, 9
613, 4
257, 2
955, 7
742, 3
291, 6
810, 4
817, 6
